ADM0_NAME,FCS_poor,FCS_Borderline,FCS_Acceptable,FCS_Year
Armenia,0,3.128376514,96.87162349,2009
Armenia,0.262798676,1.744469185,97.99273214,2009
Armenia,1.039384823,4.820485125,94.14013005,2009
Armenia,1.163326497,5.236942691,93.59973081,2009
Armenia,0.586704098,3.999281954,95.41401395,2009
Armenia,0.196676637,0.284479604,99.51884376,2009
Armenia,1.259946391,9.874959879,88.86509373,2009
Armenia,0,0.854294208,99.14570579,2009
Armenia,0.780488774,3.6909092,95.52860203,2009
Armenia,0.186228077,1.100710212,98.71306171,2009
Armenia,1.26688228,4.312313222,94.4208045,2009
Armenia,0.836192136,3.978693301,95.18511456,2009
Bangladesh,2.004449169,12.42243824,85.57311259,2009
Bangladesh,0.646031446,10.93574202,88.41822654,2009
Bangladesh,0.618428462,9.782032678,89.59953886,2009
Bangladesh,0.957971124,12.62196877,86.4200601,2009
Bangladesh,0.976344634,16.21759889,82.80605648,2009
Bangladesh,0.461792151,11.30473737,88.23347048,2009
Bangladesh,0.836492236,12.26601412,86.89749364,2009
Benin,1.511627907,14.41860465,84.06976744,2013
Benin,13.21243523,36.01036269,50.77720207,2013
Benin,1.685985248,17.01791359,81.29610116,2013
Benin,6.06557377,27.95081967,65.98360656,2013
Benin,1.25,25.91666667,72.83333333,2013
Benin,18.7037037,28.7037037,52.59259259,2013
Benin,9.325681492,18.22094692,72.45337159,2013
Benin,0.297619048,3.80952381,95.89285714,2013
Benin,14.1,33.7,52.2,2013
Benin,3.694874851,9.535160906,86.76996424,2013
Benin,0.447928331,5.711086226,93.84098544,2013
Benin,2.416356877,19.45477076,78.12887237,2013
Benin,5.374549339,19.2215249,75.40392576,2013
Burkina Faso,3.298082781,22.27045569,74.43146153,2012
Burkina Faso,0.876652849,9.523809524,89.59953763,2012
Burkina Faso,8.333333333,39.16666667,52.5,2012
Burkina Faso,4.32796685,37.4273469,58.24468625,2012
Burkina Faso,5.526965701,32.39025695,62.08277735,2012
Burkina Faso,9.616812254,37.6325715,52.75061625,2012
Burkina Faso,5.250402923,48.71759184,46.03200524,2012
Burkina Faso,1.299431464,25.7777708,72.92279773,2012
Burkina Faso,0.180209614,11.33071643,88.48907396,2012
Burkina Faso,4.50736928,17.36435281,78.12827791,2012
Burkina Faso,13.13226595,46.64499259,40.22274146,2012
Burkina Faso,1.340829989,8.789026758,89.87014325,2012
Burkina Faso,2.886170727,15.81557085,81.29825842,2012
Burkina Faso,4.680635478,27.42335896,67.89600556,2012
Burundi,8.1,44,47.9,2008
Burundi,23.3,32.8,43.9,2009
Burundi,17.6,39.5,42.9,2009
Burundi,18.6,40.8,40.6,2010
Burundi,15.2,34.7,50.1,2010
Burundi,11.3,33.9,54.8,2011
Burundi,6.4,28.8,64.8,2011
Burundi,10.1,38.9,51,2012
Burundi,4.8,37.9,57.3,2012
Burundi,5.4,40.5,54.1,2013
Burundi,3.770021381,26.49182721,69.73815141,2008
Burundi,6.029028285,24.11612991,69.8548418,2008
Burundi,1.021071276,8.752333068,90.22659566,2008
Burundi,8.659358236,25.36438829,65.97625348,2008
Burundi,7.711447727,28.61203434,63.67651793,2008
Burundi,3.693243273,18.40503456,77.90172216,2008
Burundi,10.64059804,30.39768593,58.96171603,2008
Burundi,1.261524116,29.72542346,69.01305243,2008
Burundi,2.203891117,22.81457622,74.98153266,2008
Burundi,0.612801029,7.130427005,92.25677197,2008
Burundi,2.2467117,15.95263629,81.80065201,2008
Burundi,8.646322089,22.64112929,68.71254863,2008
Burundi,2.552259377,25.76143654,71.68630408,2008
Burundi,8.196295609,33.06088804,58.74281635,2008
Burundi,3.073902832,16.19326426,80.73283291,2008
Burundi,4.374605681,20.77381722,74.8515771,2008
Burundi,4.8368037,22.91099835,72.25219795,2008
Côte d'Ivoire,0,0.430107527,99.56989247,2009
Côte d'Ivoire,4.485488127,24.34036939,71.17414248,2009
Côte d'Ivoire,3.789731051,7.762836186,88.44743276,2009
Côte d'Ivoire,1.678832117,8.175182482,90.1459854,2009
Côte d'Ivoire,1.437371663,4.859685147,93.70294319,2009
Côte d'Ivoire,7.461809636,15.2173913,77.32079906,2009
Côte d'Ivoire,0.842696629,12.5,86.65730337,2009
Côte d'Ivoire,1.937207749,7.214428858,90.84836339,2009
Côte d'Ivoire,0.971659919,8.502024291,90.52631579,2009
Côte d'Ivoire,3.497501784,19.12919343,77.37330478,2009
Côte d'Ivoire,0,1.058201058,98.94179894,2009
Côte d'Ivoire,0.574712644,6.635318704,92.78996865,2009
Côte d'Ivoire,0,9.255898367,90.74410163,2009
Côte d'Ivoire,0,3.98912058,96.01087942,2009
Côte d'Ivoire,7.170099161,14.56903127,78.26086957,2009
Côte d'Ivoire,0.801479655,5.795314427,93.40320592,2009
Côte d'Ivoire,1.737871108,14.33743664,83.92469225,2009
Côte d'Ivoire,0.327868852,2.62295082,97.04918033,2009
Côte d'Ivoire,1.849112426,8.727810651,89.42307692,2009
Côte d'Ivoire,2.066784084,9.280759139,88.65245678,2009
Cameroon,0,9.868421053,90.13157895,2011
Cameroon,0.877192982,11.22807018,87.89473684,2011
Cameroon,3.194444444,12.77777778,84.02777778,2011
Cameroon,2.962962963,14.53703704,82.5,2011
Cameroon,2.976190476,9.920634921,87.1031746,2011
Cameroon,0.396825397,6.944444444,92.65873016,2011
Cameroon,6.944444444,18.05555556,75,2011
Cameroon,2.850877193,26.09649123,71.05263158,2011
Cameroon,0.416666667,2.916666667,96.66666667,2011
Cameroon,2.174603175,13.36507937,84.46031746,2011
Cameroon,1.096491228,24.34210526,74.56140351,2011
Central African Republic,1.604278075,9.625668449,88.77005348,2009
Central African Republic,1.052631579,9.473684211,89.47368421,2009
Central African Republic,8.070175439,37.89473684,54.03508772,2009
Central African Republic,1.260504202,13.44537815,85.29411765,2009
Central African Republic,2.777777778,15.07936508,82.14285714,2009
Central African Republic,9.122807018,30.1754386,60.70175439,2009
Central African Republic,2.105263158,29.47368421,68.42105263,2009
Central African Republic,1.094890511,13.13868613,85.76642336,2009
Central African Republic,2.105263158,23.50877193,74.38596491,2009
Central African Republic,29.07801418,36.5248227,34.39716312,2009
Central African Republic,1.754385965,14.38596491,83.85964912,2009
Central African Republic,0,6.293706294,93.70629371,2009
Central African Republic,12,21.09090909,66.90909091,2009
Central African Republic,7.665505226,32.05574913,60.27874564,2009
Central African Republic,22.37762238,39.16083916,38.46153846,2009
Central African Republic,3.272727273,22.90909091,73.81818182,2009
Central African Republic,3.03030303,15.15151515,81.81818182,2009
Central African Republic,6.750285063,22.5313569,70.71835804,2009
Chad,19.44444444,58.33333333,22.22222222,2009
Chad,23.14814815,25,51.85185185,2009
Chad,18.08510638,31.91489362,50,2009
Chad,16.66666667,11.66666667,71.66666667,2009
Chad,36.11111111,25,38.88888889,2009
Chad,40,25,35,2009
Chad,19.73244147,25.4180602,54.84949833,2009
Chad,16.66666667,41.66666667,41.66666667,2009
Chad,10.33333333,22.66666667,67,2009
Chad,13.94849785,16.73819742,69.31330472,2009
Chad,21.42857143,44.04761905,34.52380952,2009
Chad,25.83333333,18.33333333,55.83333333,2009
Chad,15.33333333,12.66666667,72,2009
Chad,26.66666667,36.66666667,36.66666667,2009
Chad,9.660574413,25.06527415,65.27415144,2009
Chad,9.333333333,27.33333333,63.33333333,2009
Chad,13.46153846,28.84615385,57.69230769,2009
Chad,39.28571429,22.61904762,38.0952381,2009
Chad,14.39393939,25.75757576,59.84848485,2009
Chad,4.900181488,24.50090744,70.59891107,2009
Chad,19.33333333,28,52.66666667,2009
Chad,13.46153846,21.79487179,64.74358974,2009
Chad,23.61111111,28.47222222,47.91666667,2009
Chad,16.20519425,24.03949345,59.7553123,2009
Congo,0.746268657,11.19402985,88.05970149,2014
Congo,2.973977695,12.26765799,84.75836431,2014
Congo,3.333333333,10.37037037,86.2962963,2014
Congo,0.25974026,2.467532468,97.27272727,2014
Congo,2.681992337,14.55938697,82.75862069,2014
Congo,2.991452991,15.38461538,81.62393162,2014
Congo,4.150943396,23.39622642,72.45283019,2014
Congo,1.481481481,10,88.51851852,2014
Congo,1.902173913,5.706521739,92.39130435,2014
Congo,1.538461538,3.846153846,94.61538462,2014
Congo,1.887316125,9.020260894,89.09242298,2014
Democratic Republic of the Congo,11.19076065,15.89008363,72.91915571,2012
Democratic Republic of the Congo,6.709265176,25.68690096,67.60383387,2012
Democratic Republic of the Congo,12.97192643,36.83446273,50.19361084,2012
Democratic Republic of the Congo,10.38077969,26.60924751,63.0099728,2012
Democratic Republic of the Congo,8.014059754,37.60984183,54.37609842,2012
Democratic Republic of the Congo,11.50527325,23.25023969,65.24448706,2012
Democratic Republic of the Congo,5.497501136,32.12176284,62.38073603,2012
Democratic Republic of the Congo,12.66222378,25.35952297,61.97825324,2012
Democratic Republic of the Congo,7.207718502,30.24971623,62.54256527,2012
Democratic Republic of the Congo,12.52613969,32.45503973,55.01882058,2012
Democratic Republic of the Congo,10.28743719,29.02110553,60.69145729,2012
Democratic Republic of the Congo,57.54716981,37.73584906,4.716981132,2014
Democratic Republic of the Congo,73.52941176,23.52941176,2.941176471,2014
Democratic Republic of the Congo,70.21276596,26.06382979,3.723404255,2014
Democratic Republic of the Congo,61.58536585,32.92682927,5.487804878,2014
Democratic Republic of the Congo,67.4796748,29.26829268,3.25203252,2014
Democratic Republic of the Congo,69.87951807,25.70281124,4.417670683,2014
Democratic Republic of the Congo,66.80497925,27.80082988,5.394190871,2014
Democratic Republic of the Congo,56.96202532,36.70886076,6.329113924,2014
Democratic Republic of the Congo,53.63636364,33.63636364,12.72727273,2014
Democratic Republic of the Congo,51.70454545,39.20454545,9.090909091,2014
Democratic Republic of the Congo,44.33497537,45.32019704,10.34482759,2015
Democratic Republic of the Congo,58.07860262,35.37117904,6.550218341,2015
Ethiopia,7.979899579,22.59415124,69.42594918,2011
Ethiopia,1.103865327,4.609042211,94.28709246,2011
Ethiopia,1.978132277,9.057918318,88.9639494,2011
Ethiopia,1.641329266,15.13249713,83.22617361,2011
Ethiopia,0.370476073,10.75367199,88.87585194,2011
Ethiopia,6.835461417,21.5596931,71.60484548,2011
Ethiopia,0.252208632,9.17952267,90.5682687,2011
Ethiopia,5.683066509,14.11047659,80.2064569,2011
Ethiopia,30.59321903,32.17708418,37.22969679,2011
Ethiopia,6.573201846,9.81500731,83.61179084,2011
Ethiopia,2.611796428,12.82155434,84.56664923,2011
Ethiopia,9.519638395,16.57109698,73.90926463,2011
Gambia,0.892857143,4.166666667,94.94047619,2011
Gambia,0.444444444,3.259259259,96.2962963,2011
Gambia,0.196850394,1.968503937,97.83464567,2011
Gambia,0.199600798,1.397205589,98.40319361,2011
Gambia,0.589970501,2.949852507,96.46017699,2011
Gambia,0,2.686567164,97.31343284,2011
Gambia,0.371195249,2.672605791,96.95619896,2011
Ghana,2.3,18,79.7,2012
Ghana,6.4,31.9,61.7,2012
Ghana,1.4,22.3,76.3,2012
Ghana,3.3,22.8,73.9,2012
Guinea,4.583333333,31.04166667,64.375,2012
Guinea,1.641414141,17.42424242,80.93434343,2012
Guinea,8.607594937,18.48101266,72.91139241,2012
Guinea,2.124183007,23.20261438,74.67320261,2012
Guinea,4.166666667,42.39130435,53.44202899,2012
Guinea,2.222222222,20,77.77777778,2012
Guinea,3.055555556,26.94444444,70,2012
Guinea,3.166666667,39.16666667,57.66666667,2012
Guinea,3.394135304,27.15308243,69.45278227,2012
Guinea-Bissau,1.294498382,9.708737864,88.99676375,2010
Guinea-Bissau,18.78453039,27.0718232,54.14364641,2010
Guinea-Bissau,6.94239291,17.72525849,75.3323486,2010
Guinea-Bissau,4.814814815,13.7037037,81.48148148,2010
Guinea-Bissau,13.15789474,12.28070175,74.56140351,2010
Guinea-Bissau,2.139037433,11.942959,85.91800357,2010
Guinea-Bissau,3.684210526,16.66666667,79.64912281,2010
Guinea-Bissau,4.81184454,14.62060457,80.56755089,2010
Guinea-Bissau,1.785714286,11.07142857,87.14285714,2010
Haiti,11.78861789,30.48780488,57.72357724,2007
Haiti,12.17391304,25.79710145,62.02898551,2007
Haiti,8.403361345,26.8907563,64.70588235,2007
Haiti,5.78358209,19.96268657,74.25373134,2007
Haiti,2.75862069,15.51724138,81.72413793,2007
Haiti,3.75,16.25,80,2007
Haiti,6.043956044,25.27472527,68.68131868,2007
Haiti,3.03030303,7.575757576,89.39393939,2007
Haiti,3.896103896,12.01298701,84.09090909,2007
Haiti,4.743083004,14.62450593,80.63241107,2007
Haiti,5.998033432,19.07571288,74.92625369,2007
Iraq,2.040816327,2.040816327,95.91836735,2015
Iraq,0,5.084745763,94.91525424,2015
Iraq,0.418410042,2.092050209,97.48953975,2015
Iraq,0,0,100,2015
Iraq,2.127659574,6.382978723,91.4893617,2015
Iraq,0,0,100,2015
Iraq,1.369863014,4.109589041,94.52054795,2015
Iraq,0,0,100,2015
Iraq,2.040816327,6.12244898,91.83673469,2015
Iraq,0,0,100,2015
Iraq,3.333333333,6.666666667,90,2015
Iraq,0,4,96,2015
Iraq,3.03030303,6.060606061,90.90909091,2015
Iraq,0,2.564102564,97.43589744,2015
Iraq,4,4,92,2015
Iraq,1.333333333,1.333333333,97.33333333,2015
Iraq,3.076923077,0,96.92307692,2015
Iraq,2.325581395,9.302325581,88.37209302,2015
Iraq,1.251254135,2.996260891,95.75248497,2015
Kenya,2.752293578,4.128440367,93.11926606,2010
Kenya,4.784688995,11.00478469,84.21052632,2010
Kenya,5.304010349,6.985769728,87.71021992,2010
Kenya,4.166666667,12.5,83.33333333,2010
Kenya,0.717703349,3.588516746,95.6937799,2010
Kenya,4.464285714,9.821428571,85.71428571,2010
Kenya,9.753593429,8.213552361,82.03285421,2010
Kenya,3.584229391,7.885304659,88.53046595,2010
Kenya,5.397727273,8.161157025,86.4411157,2010
Kyrgyzstan,1.4,5.5,93.1,2010
Kyrgyzstan,7.5,17.2,75.3,2011
Kyrgyzstan,0.5,5.5,94,2011
Kyrgyzstan,1.7,8,90.3,2012
Kyrgyzstan,4,10.2,85.8,2012
Kyrgyzstan,1.2,5.2,93.6,2010
Kyrgyzstan,1.8,6.4,91.8,2010
Kyrgyzstan,7.7,16.2,76.1,2011
Kyrgyzstan,6.7,20.1,73.2,2011
Kyrgyzstan,0.5,4.8,94.7,2011
Kyrgyzstan,1,7,92,2011
Kyrgyzstan,1.5,7.5,91,2012
Kyrgyzstan,2.2,8.9,88.9,2012
Kyrgyzstan,3.5,9.5,87,2012
Kyrgyzstan,5.3,12,82.7,2012
Kyrgyzstan,0,1.6,98.4,2010
Kyrgyzstan,0,7.4,92.6,2010
Kyrgyzstan,2.2,8.4,89.4,2011
Kyrgyzstan,1.4,15.5,83.1,2011
Kyrgyzstan,0.8,5.3,93.9,2011
Kyrgyzstan,0.9,13.6,85.5,2011
Kyrgyzstan,0.7,3.4,95.9,2012
Kyrgyzstan,2.9,5.7,91.4,2012
Kyrgyzstan,0.8,5.8,93.4,2012
Kyrgyzstan,1.6,2.3,96.1,2012
Kyrgyzstan,0,2,98,2010
Kyrgyzstan,0,7.5,92.5,2010
Kyrgyzstan,0,0.6,99.4,2011
Kyrgyzstan,0,3.8,96.2,2011
Kyrgyzstan,4.1,11.3,84.6,2011
Kyrgyzstan,7.1,16.1,76.8,2011
Kyrgyzstan,0,12.5,87.5,2012
Kyrgyzstan,0.7,9.6,89.7,2012
Kyrgyzstan,0.5,5.8,93.7,2012
Kyrgyzstan,4.9,3.3,91.8,2012
Kyrgyzstan,6.4,8.5,85.1,2010
Kyrgyzstan,11.3,9.7,79,2010
Kyrgyzstan,8,10.3,81.7,2011
Kyrgyzstan,3.9,10.5,85.6,2011
Kyrgyzstan,0.6,5.2,94.2,2011
Kyrgyzstan,1.1,1.1,97.8,2011
Kyrgyzstan,2.3,6.3,91.4,2012
Kyrgyzstan,0,6.6,93.4,2012
Kyrgyzstan,0.5,0.9,98.6,2012
Kyrgyzstan,0,2.6,97.4,2012
Kyrgyzstan,0,1.5,98.5,2010
Kyrgyzstan,0,6,94,2010
Kyrgyzstan,8.9,34.7,56.4,2011
Kyrgyzstan,8.3,43.3,48.4,2011
Kyrgyzstan,0,3.5,96.5,2011
Kyrgyzstan,0,4,96,2011
Kyrgyzstan,9.5,11.6,78.9,2012
Kyrgyzstan,9.8,9.8,80.4,2012
Kyrgyzstan,0,2.4,97.6,2012
Kyrgyzstan,0,2.6,97.4,2012
Kyrgyzstan,1,7.4,91.6,2010
Kyrgyzstan,6.5,15.2,78.3,2010
Kyrgyzstan,8.2,23,68.8,2011
Kyrgyzstan,6,40,54,2011
Kyrgyzstan,0,1.6,98.4,2011
Kyrgyzstan,0,0,100,2011
Kyrgyzstan,0,6.7,93.3,2012
Kyrgyzstan,1.4,22.2,76.4,2012
Kyrgyzstan,11.1,22.6,66.3,2012
Kyrgyzstan,18.3,36.7,45,2012
Kyrgyzstan,0.5,5.6,93.9,2010
Kyrgyzstan,0,11.4,88.6,2010
Kyrgyzstan,19,29.6,51.4,2011
Kyrgyzstan,23.9,28.2,47.9,2011
Kyrgyzstan,1,7.7,91.3,2011
Kyrgyzstan,0,12.5,87.5,2011
Kyrgyzstan,0.6,8.4,91,2012
Kyrgyzstan,0,9.7,90.3,2012
Kyrgyzstan,12.9,17.2,69.9,2012
Kyrgyzstan,17.1,36.6,46.3,2012
Kyrgyzstan,2,7.6,90.4,2010
Kyrgyzstan,0,5.8,94.2,2010
Kyrgyzstan,8.3,15.9,75.8,2011
Kyrgyzstan,14,18.6,67.4,2011
Kyrgyzstan,0,7.9,92.1,2011
Kyrgyzstan,0,8.3,91.7,2011
Kyrgyzstan,2,11.5,86.5,2012
Kyrgyzstan,6.9,6.9,86.2,2012
Kyrgyzstan,0.5,17,82.5,2012
Kyrgyzstan,7.1,25,67.9,2012
Kyrgyzstan,0,3.2,96.8,2010
Kyrgyzstan,2,10.4,87.6,2011
Kyrgyzstan,0.8,9.2,90,2011
Kyrgyzstan,1.8,4.4,93.8,2012
Kyrgyzstan,1.2,4,94.8,2012
Kyrgyzstan,0,3.2,96.8,2010
Kyrgyzstan,0,1.6,98.4,2011
Kyrgyzstan,4.8,12.4,82.8,2011
Kyrgyzstan,0.4,10.8,88.8,2012
Kyrgyzstan,1.6,5.2,93.2,2012
Kyrgyzstan,7.6,8.8,83.6,2010
Kyrgyzstan,6.8,10.4,82.8,2011
Kyrgyzstan,0.8,3.6,95.6,2011
Kyrgyzstan,1.6,6.4,92,2012
Kyrgyzstan,0.4,1.2,98.4,2012
Kyrgyzstan,0,2.4,97.6,2010
Kyrgyzstan,8.8,36.8,54.4,2011
Kyrgyzstan,0,3.6,96.4,2011
Kyrgyzstan,9.6,11.2,79.2,2012
Kyrgyzstan,0,2.4,97.6,2012
Kyrgyzstan,2,8.8,89.2,2010
Kyrgyzstan,7.8,26.8,65.4,2011
Kyrgyzstan,0,1.3,98.7,2011
Kyrgyzstan,0.4,11.2,88.4,2012
Kyrgyzstan,12.8,26,61.2,2012
Kyrgyzstan,0.4,6.4,93.2,2010
Kyrgyzstan,20.4,29.2,50.4,2011
Kyrgyzstan,0.8,8.8,90.4,2011
Kyrgyzstan,0.4,8.8,90.8,2012
Kyrgyzstan,13.6,20.4,66,2012
Kyrgyzstan,1.6,7.2,91.2,2010
Kyrgyzstan,9.5,16.5,74,2011
Kyrgyzstan,0,8,92,2011
Kyrgyzstan,3.2,10.4,86.4,2012
Kyrgyzstan,2,18.8,79.2,2012
Lao People's Democratic Republic,1.209677419,8.064516129,90.72580645,2006
Lao People's Democratic Republic,11.2,30.4,58.4,2006
Lao People's Democratic Republic,0.803212851,3.212851406,95.98393574,2006
Lao People's Democratic Republic,0.403225806,1.209677419,98.38709677,2006
Lao People's Democratic Republic,1.632653061,19.18367347,79.18367347,2006
Lao People's Democratic Republic,1.271186441,8.898305085,89.83050847,2006
Lao People's Democratic Republic,1.659751037,14.52282158,83.81742739,2006
Lao People's Democratic Republic,2.43902439,13.82113821,83.7398374,2006
Lao People's Democratic Republic,4,14.8,81.2,2006
Lao People's Democratic Republic,4.4,14.8,80.8,2006
Lao People's Democratic Republic,4.149377593,26.14107884,69.70954357,2006
Lao People's Democratic Republic,0.909090909,2.727272727,96.36363636,2006
Lao People's Democratic Republic,0,3.6,96.4,2006
Lao People's Democratic Republic,1.2,8.8,90,2006
Lao People's Democratic Republic,10.83333333,14.16666667,75,2006
Lao People's Democratic Republic,3.2,22.8,74,2006
Lao People's Democratic Republic,3.09146653,13.00459888,83.90393459,2006
Liberia,38.8,34.8,26.4,2010
Liberia,16.34615385,37.30769231,46.34615385,2010
Liberia,4.2,32.2,63.6,2010
Liberia,6.6,27.4,66,2010
Liberia,13.05220884,40.96385542,45.98393574,2010
Liberia,10.8,31.2,58,2010
Liberia,33.6,44.6,21.8,2010
Liberia,3.006012024,33.46693387,63.52705411,2010
Liberia,7.214428858,30.06012024,62.7254509,2010
Liberia,43.28657315,29.25851703,27.45490982,2010
Liberia,12.3246493,29.05811623,58.61723447,2010
Liberia,9.2,23.2,67.6,2010
Liberia,28.10590631,54.37881874,17.51527495,2010
Liberia,15.83166333,38.67735471,45.49098196,2010
Liberia,12.0240481,33.06613226,54.90981964,2010
Liberia,16.65833542,34.27893027,49.06273432,2010
Madagascar,1.851851852,39.50617284,58.64197531,2010
Madagascar,3.968253968,39.68253968,56.34920635,2010
Madagascar,0.819672131,13.1147541,86.06557377,2010
Madagascar,2.542372881,55.93220339,41.52542373,2010
Madagascar,50.3649635,26.64233577,22.99270073,2010
Madagascar,23.10606061,35.60606061,41.28787879,2010
Madagascar,68.18181818,21.21212121,10.60606061,2010
Madagascar,15.42857143,45.14285714,39.42857143,2010
Madagascar,0.947867299,26.54028436,72.51184834,2010
Madagascar,1.01010101,25.25252525,73.73737374,2010
Madagascar,1.226993865,27.60736196,71.16564417,2010
Madagascar,14.28571429,33.33333333,52.38095238,2010
Madagascar,0.694444444,61.11111111,38.19444444,2010
Madagascar,0.609756098,26.82926829,72.56097561,2010
Madagascar,1.840490798,75.4601227,22.6993865,2010
Madagascar,0.549450549,16.48351648,82.96703297,2010
Madagascar,0.462962963,18.98148148,80.55555556,2010
Madagascar,7.262569832,69.27374302,23.46368715,2010
Madagascar,9.865470852,56.50224215,33.632287,2010
Madagascar,0.751879699,29.32330827,69.92481203,2010
Madagascar,21.17117117,60.81081081,18.01801802,2010
Madagascar,0.930232558,49.30232558,49.76744186,2010
Madagascar,12.04616494,38.95167107,49.00216398,2010
Malawi,6.064858796,28.0946829,65.8404583,2011
Malawi,5.815082216,27.60622798,66.57868981,2011
Malawi,2.014991763,21.40577384,76.5792344,2011
Malawi,4.447029246,19.77510699,75.77786377,2011
Malawi,4.737980226,28.42788136,66.83413842,2011
Malawi,0.808560682,11.51350372,87.6779356,2011
Malawi,2.665672242,22.25052794,75.08379982,2011
Malawi,1.573527169,23.09948443,75.3269884,2011
Malawi,7.585869372,22.65972593,69.7544047,2011
Malawi,4.429042656,22.5634545,73.00750284,2011
Malawi,1.187279152,34.92226148,63.89045936,2011
Malawi,1.794208791,26.69206324,71.51372797,2011
Malawi,2.24819414,27.26461105,70.48719481,2011
Malawi,0.202381265,4.50232607,95.29529266,2011
Malawi,1.138093032,6.206577119,92.65532985,2011
Malawi,1.666731502,22.61492596,75.71834253,2011
Malawi,2.061245947,31.47737177,66.46138229,2011
Malawi,0.725809915,9.23272205,90.04146804,2011
Malawi,9.162425265,31.89335591,58.94421883,2011
Malawi,1.028250662,21.50014427,77.47160507,2011
Malawi,3.668724373,26.34344163,69.987834,2011
Malawi,2.198190531,25.4411836,72.36062586,2011
Malawi,6.475416277,28.84185412,64.6827296,2011
Malawi,0.675271166,17.19835335,82.12637549,2011
Malawi,2.056015488,26.43564608,71.50833843,2011
Malawi,6.377114402,27.03042034,66.59246525,2011
Malawi,9.177579081,32.13412904,58.68829188,2011
Malawi,2.307617313,15.73283772,81.95954497,2011
Malawi,1.677101653,17.27963419,81.04326416,2011
Malawi,3.474843898,22.09773008,74.42742602,2011
Malawi,3.685318087,22.34362762,73.9710543,2011
Mauritania,2.5,4.9,92.6,2011
Mauritania,8.2,10.8,81,2009
Mauritania,5.2,7.9,86.9,2010
Mauritania,8.5,13.7,77.8,2010
Mauritania,2.5,4.9,92.6,2011
Mauritania,6,9.2,84.8,2010
Mauritania,0.3,0.7,99,2010
Mauritania,11.3,17.2,71.5,2010
Mauritania,0.2,3.7,96.1,2010
Mauritania,2.9,5.8,91.3,2011
Mauritania,0.5,0.8,98.7,2011
Mauritania,25.6097561,20.55749129,53.83275261,2009
Mauritania,6.124852768,15.66548881,78.20965842,2009
Mauritania,15.96292482,10.71060762,73.32646756,2009
Mauritania,8.680555556,17.01388889,74.30555556,2009
Mauritania,2.687673772,7.136237257,90.17608897,2009
Mauritania,1.206896552,2.75862069,96.03448276,2009
Mauritania,2.05655527,9.511568123,88.43187661,2009
Mauritania,0,6.25,93.75,2009
Mauritania,3.111111111,13.11111111,83.77777778,2009
Mauritania,3.614457831,7.630522088,88.75502008,2009
Mauritania,4.166666667,4.166666667,91.66666667,2009
Mauritania,4.504504505,0.900900901,94.59459459,2009
Mauritania,0.245098039,0.980392157,98.7745098,2009
Mauritania,0.490196078,0.490196078,99.01960784,2010
Mauritania,7.352941176,8.333333333,84.31372549,2010
Mauritania,16.17647059,24.50980392,59.31372549,2010
Mauritania,6.862745098,10.78431373,82.35294118,2010
Mauritania,7.352941176,9.31372549,83.33333333,2010
Mauritania,0.980392157,4.411764706,94.60784314,2010
Mauritania,2.450980392,10.78431373,86.76470588,2010
Mauritania,0,1.388888889,98.61111111,2010
Mauritania,0,4.166666667,95.83333333,2010
Mauritania,3.431372549,1.470588235,95.09803922,2010
Mauritania,6.862745098,6.862745098,86.2745098,2010
Mauritania,0,2.777777778,97.22222222,2010
Mauritania,0,0,100,2010
Mauritania,34.32835821,25.37313433,40.29850746,2010
Mauritania,16.75126904,26.39593909,56.85279188,2010
Mauritania,3.902439024,22.43902439,73.65853659,2010
Mauritania,10.89108911,18.81188119,70.2970297,2010
Mauritania,3.398058252,12.13592233,84.46601942,2010
Mauritania,0.980392157,3.431372549,95.58823529,2010
Mauritania,14.73684211,5.263157895,80,2010
Mauritania,0,0,100,2010
Mauritania,13.30049261,17.24137931,69.45812808,2010
Mauritania,6.862745098,18.1372549,75,2010
Mauritania,0,7.894736842,92.10526316,2010
Mauritania,0,2.777777778,97.22222222,2010
Mauritania,0.199203187,3.984063745,95.81673307,2010
Mauritania,0.475059382,0.831353919,98.6935867,2011
Mauritania,5.464480874,5.282331512,89.25318761,2011
Mauritania,3.909465021,7.818930041,88.27160494,2011
Mauritania,2.584493042,3.777335984,93.63817097,2011
Mauritania,2.339181287,9.55165692,88.10916179,2011
Mauritania,1.550387597,2.842377261,95.60723514,2011
Mauritania,2.777777778,3.846153846,93.37606838,2011
Mauritania,3.03030303,7.070707071,89.8989899,2011
Mauritania,0,2.222222222,97.77777778,2011
Mauritania,1.754385965,5.263157895,92.98245614,2011
Mauritania,1.851851852,8.333333333,89.81481481,2011
Mauritania,0,0,100,2011
Mauritania,2.083333333,2.083333333,95.83333333,2011
Mauritania,2.05655527,9.511568123,88.43187661,2009
Mauritania,15.96292482,10.71060762,73.32646756,2009
Mauritania,2.687673772,7.136237257,90.17608897,2009
Mauritania,0,6.25,93.75,2009
Mauritania,8.680555556,17.01388889,74.30555556,2009
Mauritania,3.614457831,7.630522088,88.75502008,2009
Mauritania,25.6097561,20.55749129,53.83275261,2009
Mauritania,6.124852768,15.66548881,78.20965842,2009
Mauritania,4.504504505,0.900900901,94.59459459,2009
Mauritania,0.245098039,0.980392157,98.7745098,2009
Mauritania,3.111111111,13.11111111,83.77777778,2009
Mauritania,4.166666667,4.166666667,91.66666667,2009
Mauritania,1.206896552,2.75862069,96.03448276,2009
Mauritania,8.191502388,10.7873148,81.02118281,2009
Mozambique,15.10557859,16.57954559,68.31487582,2009
Mozambique,18.31731389,34.490348,47.19233811,2009
Mozambique,9.348350598,33.72382222,56.92782718,2009
Mozambique,15.16854633,28.28922003,56.54223364,2009
Mozambique,5.833680062,12.01670579,82.14961415,2009
Mozambique,2.781646376,11.62616818,85.59218544,2009
Mozambique,3.70958792,28.12380626,68.16660582,2009
Mozambique,2.786305857,20.25031208,76.96338206,2009
Mozambique,11.06212181,22.93653264,66.00134555,2009
Mozambique,12.32891453,13.8343077,73.83677777,2009
Mozambique,9.079125419,18.33075493,72.59011965,2009
Nepal,31.4,28.9,39.7,2008
Nepal,35.8,28.8,35.4,2008
Nepal,25.3,33.1,41.6,2008
Nepal,24.2,28.3,47.5,2008
Nepal,29.2,30.9,39.9,2009
Nepal,29.9,31.1,39,2009
Nepal,21.6,32.5,45.9,2009
Nepal,18.9,32.5,48.6,2009
Nepal,23.9,28.1,48,2010
Nepal,20.3,29.5,50.2,2010
Nepal,15.9,28,56.1,2010
Nepal,10.1,25.8,64.1,2010
Nepal,1.788990826,10.77981651,87.43119266,2011
Nepal,0.723472669,13.585209,85.69131833,2011
Nepal,1.556420233,11.28404669,87.15953307,2011
Nepal,3.25203252,16.12466125,80.62330623,2011
Nepal,1.243339254,6.48312611,92.27353464,2011
Nepal,1.620130989,11.27197518,87.10789383,2011
Niger,15.33074935,32.42377261,52.24547804,2009
Niger,15.16121538,26.53406304,58.30472158,2009
Niger,13.4616472,21.58605586,64.95229695,2009
Niger,11.00233325,22.01477113,66.98289562,2009
Niger,5.35992521,13.96073543,80.67933936,2009
Niger,12.935934,12.99451182,74.06955418,2009
Niger,11.14665981,18.02218494,70.83115525,2009
Niger,7.836977153,25.75658065,66.40644219,2009
Niger,11.29672868,20.52455516,68.17871616,2009
Philippines,19.33292156,26.99197035,53.67510809,2013
Philippines,27.80172414,29.52586207,42.67241379,2013
Philippines,17.5,29.375,53.125,2013
Philippines,20.44444444,31.55555556,48,2013
Philippines,10.66666667,21.77777778,67.55555556,2013
Philippines,13.33333333,17.33333333,69.33333333,2013
Rwanda,6.9,23.5,69.6,2010
Rwanda,4.5,21.6,73.9,2011
Rwanda,10.3,26.3,63.4,2011
Rwanda,37.7,37.1,25.2,2012
Rwanda,7.7,23.2,69.1,2012
Rwanda,0,7.737725784,92.26227422,2012
Rwanda,6.225515123,21.85525664,71.91922823,2012
Rwanda,0.804001891,8.581874636,90.61412347,2012
Rwanda,13.75972247,38.85690654,47.38337099,2012
Rwanda,0,1.59190787,98.40809213,2012
Rwanda,1.621311046,22.87005804,75.50863091,2012
Rwanda,2.606441632,23.76473088,73.62882749,2012
Rwanda,0.909878087,11.07934632,88.0107756,2012
Rwanda,1.671033974,9.92829216,88.40067387,2012
Rwanda,1.385910316,6.823119128,91.79097056,2012
Rwanda,6.679161699,18.82616623,74.49467207,2012
Rwanda,2.604067426,21.58962438,75.80630819,2012
Rwanda,0.816983325,12.41426238,86.76875429,2012
Rwanda,2.346928649,9.219013595,88.43405776,2012
Rwanda,2.070889541,22.70393208,75.22517837,2012
Rwanda,0.533771578,16.3526967,83.11353172,2012
Rwanda,1.237980513,12.85575718,85.90626231,2012
Rwanda,2.666981417,22.88733139,74.44568719,2012
Rwanda,6.204298836,25.62448071,68.17122045,2012
Rwanda,3.190272041,21.25167977,75.55804819,2012
Rwanda,6.872575087,14.79344871,78.3339762,2012
Rwanda,4.716530711,18.30822896,76.97524033,2012
Rwanda,11.84784194,24.69406409,63.45809398,2012
Rwanda,9.069201867,34.56337491,56.36742322,2012
Rwanda,4.527269178,13.16116873,82.31156209,2012
Rwanda,6.982511315,29.67498997,63.34249871,2012
Rwanda,5.088495575,43.89868981,51.01281462,2012
Rwanda,6.503931206,3.687304611,89.80876418,2012
Rwanda,0.590905938,3.929878601,95.47921546,2012
Rwanda,0,1.74965814,98.25034186,2012
Rwanda,3.890091151,17.63178412,78.47812473,2012
Sao Tome and Principe,10.23622047,15.7480315,74.01574803,2007
Sao Tome and Principe,15.07936508,12.3015873,72.61904762,2007
Sao Tome and Principe,3.658536585,11.78861789,84.55284553,2007
Sao Tome and Principe,18.5,13,68.5,2007
Sao Tome and Principe,9.05511811,12.20472441,78.74015748,2007
Sao Tome and Principe,3.90625,10.9375,85.15625,2007
Sao Tome and Principe,18.47389558,12.85140562,68.6746988,2007
Sao Tome and Principe,9.22026181,12.97666477,77.80307342,2007
Senegal,2.625442389,6.462746474,90.91181114,2013
Senegal,1.924776283,13.1697512,84.90547251,2013
Senegal,3.990879811,10.11990178,85.88921841,2013
Senegal,2.005853075,9.155576442,88.83857048,2013
Senegal,2.103241788,6.777869942,91.11888827,2013
Senegal,14.60748048,27.31607069,58.07644883,2013
Senegal,19.42178387,25.4364718,55.14174434,2013
Senegal,2.851290001,9.510297863,87.63841214,2013
Senegal,9.149197242,37.81691236,53.0338904,2013
Senegal,4.298738076,10.69157393,85.009688,2013
Senegal,24.59715504,38.55004436,36.8528006,2013
Senegal,5.251594463,18.14167787,76.60672767,2013
Senegal,1.204038577,6.120403858,92.67555756,2013
Senegal,16.73177981,50.9797613,32.28845889,2013
Senegal,4.980670807,13.84487111,81.17445808,2013
Sierra Leone,3.69301624,17.27508691,79.03189685,2010
Sierra Leone,2.254499377,32.28071537,65.46478525,2010
Sierra Leone,8.330727529,39.69600795,51.97326452,2010
Sierra Leone,2.169927774,24.50955698,73.32051525,2010
Sierra Leone,4.266260483,66.69055059,29.04318893,2010
Sierra Leone,14.12556555,51.83974192,34.03469253,2010
Sierra Leone,4.97015496,65.64599899,29.38384605,2010
Sierra Leone,22.65251576,52.07645014,25.2710341,2010
Sierra Leone,0.901121742,31.48147117,67.61740709,2010
Sierra Leone,1.385468524,24.89858291,73.71594857,2010
Sierra Leone,18.30218055,58.16481547,23.53300398,2010
Sierra Leone,6.791057016,74.21857453,18.99036845,2010
Sierra Leone,7.843279912,19.10326748,73.05345261,2010
Sierra Leone,1.340328857,23.78209281,74.87757834,2010
Sierra Leone,6.932462331,39.10976176,53.95777591,2010
South Sudan,8.333333333,13.11111111,78.55555556,2010
South Sudan,16.80942184,30.19271949,52.99785867,2010
South Sudan,18.66515837,21.83257919,59.50226244,2010
South Sudan,13.86363636,16.81818182,69.31818182,2010
South Sudan,27.43837085,31.61843516,40.943194,2010
South Sudan,12.93103448,15.14778325,71.92118227,2010
South Sudan,15.43478261,18.69565217,65.86956522,2010
South Sudan,30.36117381,23.92776524,45.71106095,2010
South Sudan,11.58798283,20.38626609,68.02575107,2010
South Sudan,5.336179296,15.47491996,79.18890075,2010
South Sudan,16.06786427,20.82501663,63.1071191,2010
Sudan,1.6,28.6,69.8,2010
Sudan,0,12.7,87.3,2010
Sudan,0.2,42,57.8,2010
Sudan,2.3,34.4,63.3,2010
Sudan,0.6,36.5,62.9,2010
Sudan,4.5,34.3,61.2,2010
Sudan,0.3,30.2,69.5,2010
Sudan,0.8,10.3,88.9,2010
Sudan,6.4,34.8,58.8,2011
Sudan,2.1,26.5,71.4,2011
Sudan,0,17.7,82.3,2011
Sudan,11.4,16,72.6,2009
Sudan,4.4,15,80.6,2009
Sudan,10.8,19.9,69.3,2009
Sudan,14,33.5,52.5,2009
Sudan,11.3,20.4,68.3,2009
Sudan,11.7,15.5,72.8,2009
Sudan,11.6,41.6,46.8,2009
Sudan,10,15.7,74.3,2009
Sudan,4.1,14.9,81,2009
Sudan,2,37.7,60.3,2009
Sudan,5.4,17.6,77,2009
Sudan,8,18.9,73.1,2009
Sudan,8.8,19.1,72.1,2010
Sudan,0,17.3,82.7,2010
Sudan,9.6,22.6,67.8,2010
Sudan,4.7,27.1,68.2,2010
Sudan,0.9,16.5,82.6,2010
Sudan,7.6,23.6,68.8,2010
Sudan,5.8,19.5,74.7,2010
Sudan,0.7,9.1,90.2,2010
Sudan,6.4,28.6,65,2010
Sudan,6.4,18.5,75.1,2010
Sudan,2.8,10.2,87,2010
Sudan,9.1,18.9,72,2010
Sudan,13.9,16.3,69.8,2011
Sudan,0,6.9,93.1,2011
Sudan,12.3,21,66.7,2011
Sudan,18.7,17.9,63.4,2009
Sudan,39.5,37.4,23.1,2009
Sudan,22,12.6,65.4,2009
Sudan,5.7,20.6,73.7,2009
Sudan,16.5,33.4,50.1,2009
Sudan,10.9,27.9,61.2,2009
Sudan,3.6,13.2,83.2,2009
Sudan,21.9,28,50.1,2009
Sudan,9,27.5,63.5,2009
Sudan,4.5,24,71.5,2009
Sudan,15.3,32.8,51.9,2009
Sudan,9.6,10.7,79.7,2009
Sudan,7.2,19.9,72.9,2010
Sudan,13,36.4,50.6,2010
Sudan,4.1,12.7,83.2,2010
Sudan,16.2,25.8,58,2010
Sudan,25.2,39.3,35.5,2010
Sudan,5.2,20.6,74.2,2010
Sudan,6.2,37.8,56,2010
Sudan,13.2,21.7,65.1,2010
Sudan,10.4,16.8,72.8,2010
Sudan,1.2,26.2,72.6,2010
Sudan,4,8,88,2010
Sudan,19.9,16.7,63.4,2011
Sudan,24,48,28,2011
Sudan,25.5,38.2,36.3,2011
Sudan,4.3,41.8,53.9,2009
Sudan,6.3,35.8,57.9,2009
Sudan,1.7,25.2,73.1,2009
Sudan,3.1,58.3,38.6,2009
Sudan,1.2,42.1,56.7,2009
Sudan,0,31.7,68.3,2009
Sudan,6.1,37.4,56.5,2009
Sudan,2.7,41.5,55.8,2009
Sudan,8.3,61.1,30.6,2009
Sudan,7,57.3,35.7,2009
Sudan,2.2,26.1,71.7,2009
Sudan,0,34.2,65.8,2009
Sudan,2.3,45.2,52.5,2010
Sudan,0.3,29.2,70.5,2010
Sudan,1.6,42.8,55.6,2010
Sudan,2.7,19.5,77.8,2010
Sudan,12.4137931,23.93103448,63.65517241,2012
Sudan,7.257273619,16.67211507,76.07061131,2012
Sudan,3.400416378,33.31020125,63.28938237,2012
Sudan,2.091503268,3.790849673,94.11764706,2011
Sudan,3.031561462,12.25083056,84.71760797,2012
Tajikistan,15.3,18.1,66.6,2008
Tajikistan,12.8,25.9,61.3,2009
Tajikistan,17.4,20.5,62.1,2009
Tajikistan,14.8,22.9,62.3,2009
Tajikistan,16.5,26.4,57.1,2009
Tajikistan,20,30.7,49.3,2010
Tajikistan,10.2,15.2,74.6,2010
Tajikistan,7.5,24.5,68,2010
Tajikistan,10.1,19.2,70.7,2011
Tajikistan,7.2,15.2,77.6,2011
Tajikistan,8,22.8,69.2,2012
Tajikistan,5.1,10.1,84.8,2012
Tajikistan,14.9,16.7,68.4,2008
Tajikistan,16.7,22.7,60.6,2008
Tajikistan,14,34.3,51.7,2009
Tajikistan,12.5,23.5,64,2009
Tajikistan,20.7,22.1,57.2,2009
Tajikistan,16.6,20,63.4,2009
Tajikistan,16.7,27.1,56.2,2009
Tajikistan,14.4,21.7,63.9,2009
Tajikistan,19.4,35.8,44.8,2009
Tajikistan,15.8,23.9,60.3,2009
Tajikistan,23.4,36.4,40.2,2010
Tajikistan,19,29,52,2010
Tajikistan,10.2,12.2,77.6,2010
Tajikistan,10.3,15.7,74,2010
Tajikistan,7.5,21.7,70.8,2010
Tajikistan,7.5,25,67.5,2010
Tajikistan,7.1,18.2,74.7,2011
Tajikistan,10.6,19.4,70,2011
Tajikistan,8.1,10.1,81.8,2011
Tajikistan,7.1,16.1,76.8,2011
Tajikistan,5,29,66,2012
Tajikistan,8.5,21.8,69.7,2012
Tajikistan,7.2,14.8,78,2012
Tajikistan,4.7,9,86.3,2012
Tajikistan,1.6,8.2,90.2,2008
Tajikistan,8.2,4.9,86.9,2009
Tajikistan,10,11.4,78.6,2009
Tajikistan,4.3,41.4,54.3,2009
Tajikistan,18.6,31.4,50,2009
Tajikistan,27.1,22.9,50,2010
Tajikistan,0,0,100,2010
Tajikistan,0,0,100,2010
Tajikistan,0,0,100,2011
Tajikistan,0,0,100,2011
Tajikistan,0,0,100,2012
Tajikistan,13.7,21.9,64.4,2008
Tajikistan,16.3,30,53.7,2009
Tajikistan,14.7,15.5,69.8,2009
Tajikistan,13.5,19.2,67.3,2009
Tajikistan,13.5,24.9,61.6,2009
Tajikistan,17.1,38,44.9,2010
Tajikistan,3,15.9,81.1,2010
Tajikistan,8.2,28.6,63.2,2010
Tajikistan,8.2,26.1,65.7,2011
Tajikistan,5.3,21.6,73.1,2011
Tajikistan,5.7,20.4,73.9,2012
Tajikistan,11.7,14.1,74.2,2008
Tajikistan,11.2,24.3,64.5,2009
Tajikistan,22.4,27.6,50,2009
Tajikistan,13.8,25.2,61,2009
Tajikistan,21,22.9,56.1,2009
Tajikistan,18.6,21.4,60,2010
Tajikistan,3.6,15.8,80.6,2010
Tajikistan,8.1,18.6,73.3,2010
Tajikistan,11.4,14.3,74.3,2011
Tajikistan,1.4,12.4,86.2,2011
Tajikistan,4.8,23.8,71.4,2012
Tajikistan,29.3,22.1,48.6,2008
Tajikistan,11.4,30.7,57.9,2009
Tajikistan,18.6,22.9,58.5,2009
Tajikistan,24.3,16.4,59.3,2009
Tajikistan,14.3,31.4,54.3,2009
Tajikistan,23.6,35.7,40.7,2010
Tajikistan,37,20.3,42.7,2010
Tajikistan,9.3,38.6,52.1,2010
Tajikistan,16.4,24.3,59.3,2011
Tajikistan,22.9,15.7,61.4,2011
Tajikistan,20.7,37.1,42.2,2012
United Republic of Tanzania,6.504065041,8.130081301,85.36585366,2011
United Republic of Tanzania,8.385093168,6.832298137,84.7826087,2011
United Republic of Tanzania,7.272727273,15.45454545,77.27272727,2011
United Republic of Tanzania,3.546099291,20.56737589,75.88652482,2011
United Republic of Tanzania,1.242236025,8.695652174,90.0621118,2011
United Republic of Tanzania,2.222222222,0,97.77777778,2011
United Republic of Tanzania,5.194805195,12.98701299,81.81818182,2011
United Republic of Tanzania,3.787878788,16.66666667,79.54545455,2011
United Republic of Tanzania,1.754385965,7.01754386,91.22807018,2011
United Republic of Tanzania,3.06122449,3.06122449,93.87755102,2011
United Republic of Tanzania,8.510638298,2.127659574,89.36170213,2011
United Republic of Tanzania,1.639344262,24.04371585,74.31693989,2011
United Republic of Tanzania,4.819277108,9.638554217,85.54216867,2011
United Republic of Tanzania,3.125,15.625,81.25,2011
United Republic of Tanzania,4.494382022,21.91011236,73.59550562,2011
United Republic of Tanzania,4.464285714,0.446428571,95.08928571,2011
United Republic of Tanzania,1.459854015,11.67883212,86.86131387,2011
United Republic of Tanzania,6.097560976,21.13821138,72.76422764,2011
United Republic of Tanzania,1.648351648,13.18681319,85.16483516,2011
United Republic of Tanzania,3.448275862,9.195402299,87.35632184,2011
United Republic of Tanzania,1.98019802,13.86138614,84.15841584,2011
United Republic of Tanzania,3.067484663,23.92638037,73.00613497,2011
United Republic of Tanzania,5.583756345,17.25888325,77.15736041,2011
United Republic of Tanzania,1.470588235,20.58823529,77.94117647,2011
United Republic of Tanzania,0.680272109,10.88435374,88.43537415,2011
United Republic of Tanzania,0.8,15.2,84,2011
United Republic of Tanzania,4.28462127,12.64983423,83.0655445,2011
Yemen,31.10539846,19.53727506,49.35732648,2011
Yemen,19.94764467,29.73442495,50.31793039,2011
Yemen,5.721393035,17.66169154,76.61691542,2011
Yemen,60.97049199,15.54905166,23.48045635,2011
Yemen,29.4186142,27.22336782,43.35801798,2011
Yemen,15.92321395,17.40742877,66.66935729,2011
Yemen,1.677216168,12.11126261,86.21152122,2011
Yemen,12.78797971,17.21054089,70.0014794,2011
Yemen,25.61389893,20.33484718,54.05125389,2011
Yemen,24.14539133,21.95014025,53.90446842,2011
Yemen,2.863914574,15.16984486,81.96624057,2011
Yemen,30.69530267,22.6117066,46.69299073,2011
Yemen,27.12004407,27.42966669,45.45028924,2011
Yemen,23.49465703,34.45650192,42.04884105,2011
Yemen,52.68667688,23.08587129,24.22745183,2011
Yemen,45.37666097,23.68621085,30.93712818,2011
Yemen,10.28227603,27.54961689,62.16810709,2011
Yemen,22.3976249,25.40414045,52.19823465,2011
Yemen,22.16417441,22.32364993,55.51217565,2011
Yemen,7.620283788,19.93872631,72.4409899,2011
